  3 28 28 37.39 41.26 42.85 21960 0.00 0.00 0.00     0 37.01 41.00 42.53 11336     0 0.448
  3 28 28 37.39 41.26 42.85 21960 0.00 0.00 0.00     0 37.01 41.00 42.53 11336     0 0.448
  3 28 28 37.39 41.26 42.85 21960 0.00 0.00 0.00     0 37.01 41.00 42.53 11336     0 0.448
  3 28 28 37.39 41.26 42.85 21960 0.00 0.00 0.00     0 37.01 41.00 42.53 11336     0 0.443
  3 28 28 37.39 41.26 42.85 21960 0.00 0.00 0.00     0 37.01 41.00 42.53 11336     0 0.432
  3 28 28 37.39 41.26 42.85 21960 0.00 0.00 0.00     0 37.01 41.00 42.53 11336     0 0.437
  3 28 28 37.39 41.26 42.85 21960 0.00 0.00 0.00     0 37.01 41.00 42.53 11336     0 0.438
  3 28 28 37.39 41.26 42.85 21960 0.00 0.00 0.00     0 37.01 41.00 42.53 11336     0 0.443
  3 28 28 37.39 41.26 42.85 21960 0.00 0.00 0.00     0 37.01 41.00 42.53 11336     0 0.433
  3 28 28 37.39 41.26 42.85 21960 0.00 0.00 0.00     0 37.01 41.00 42.53 11336     0 0.458
  3 28 28 37.39 41.26 42.85 21960 0.00 0.00 0.00     0 37.01 41.00 42.53 11336     0 0.464
  3 28 28 37.39 41.26 42.85 21960 0.00 0.00 0.00     0 37.01 41.00 42.53 11336     0 0.469
  3 28 28 37.39 41.26 42.85 21960 0.00 0.00 0.00     0 37.01 41.00 42.53 11336     0 0.474
  3 28 28 37.39 41.26 42.85 21960 0.00 0.00 0.00     0 37.01 41.00 42.53 11336     0 0.453
  3 28 28 37.39 41.26 42.85 21960 0.00 0.00 0.00     0 37.01 41.00 42.53 11336     0 0.562
  3 28 28 37.39 41.26 42.85 21960 0.00 0.00 0.00     0 37.01 41.00 42.53 11336     0 0.562
  3 28 28 37.39 41.26 42.85 21960 0.00 0.00 0.00     0 37.01 41.00 42.53 11336     0 0.568
  3 28 28 37.39 41.26 42.85 21960 0.00 0.00 0.00     0 37.01 41.00 42.53 11336     0 0.583
  3 28 28 37.39 41.26 42.85 21960 0.00 0.00 0.00     0 37.01 41.00 42.53 11336     0 0.568
  3 28 28 37.39 41.26 42.85 21960 0.00 0.00 0.00     0 37.01 41.00 42.53 11336     0 0.537
  3 28 28 37.39 41.26 42.85 21960 0.00 0.00 0.00     0 37.01 41.00 42.53 11336     0 0.568
  3 28 28 37.39 41.26 42.85 21960 0.00 0.00 0.00     0 37.01 41.00 42.53 11336     0 0.594
  3 28 28 37.39 41.26 42.85 21960 0.00 0.00 0.00     0 37.01 41.00 42.53 11336     0 0.547
  3 28 28 37.39 41.26 42.85 21960 0.00 0.00 0.00     0 37.01 41.00 42.53 11336     0 0.593
  3 28 28 37.39 41.26 42.85 21960 0.00 0.00 0.00     0 37.01 41.00 42.53 11336     0 0.578
  3 28 28 37.39 41.26 42.85 21960 0.00 0.00 0.00     0 37.01 41.00 42.53 11336     0 1.099
  3 28 28 37.39 41.26 42.85 21960 0.00 0.00 0.00     0 37.01 41.00 42.53 11336     0 1.026
  3 28 28 37.39 41.26 42.85 21960 0.00 0.00 0.00     0 37.01 41.00 42.53 11336     0 1.057
  3 28 28 37.94 41.74 42.07 21856 0.00 0.00 0.00     0 37.67 41.72 42.05  7933     0 0.547
 20 28 28 37.94 41.74 42.07 21856 0.00 0.00 0.00     0 37.08 41.69 41.95  2570     0 2.123
 20 28 28 37.94 41.74 42.07 21856 0.00 0.00 0.00     0 37.08 41.69 41.95  2570     0 2.248
 20 28 28 37.94 41.74 42.07 21856 0.00 0.00 0.00     0 37.08 41.69 41.95  2570     0 2.051
 20 28 28 37.94 41.74 42.07 21856 0.00 0.00 0.00     0 37.08 41.69 41.95  2570     0 2.048
 20 28 28 37.94 41.74 42.07 21856 0.00 0.00 0.00     0 37.08 41.69 41.95  2570     0 1.909
 20 28 28 37.94 41.74 42.07 21856 0.00 0.00 0.00     0 37.08 41.69 41.95  2570     0 2.283
 20 28 28 37.94 41.74 42.07 21856 0.00 0.00 0.00     0 37.08 41.69 41.95  2570     0 2.509
 20 28 28 37.94 41.74 42.07 21856 0.00 0.00 0.00     0 37.08 41.69 41.95  2570     0 2.663
 20 28 28 37.94 41.74 42.07 21856 0.00 0.00 0.00     0 37.08 41.69 41.95  2570     0 2.837
 20 28 28 37.94 41.74 42.07 21856 0.00 0.00 0.00     0 37.08 41.69 41.95  2570     0 2.441
 20 28 28 37.94 41.74 42.07 21856 0.00 0.00 0.00     0 37.08 41.69 41.95  2570     0 2.420
 20 28 28 37.94 41.74 42.07 21856 0.00 0.00 0.00     0 37.08 41.69 41.95  2570     0 2.488
 20 28 28 37.94 41.74 42.07 21856 0.00 0.00 0.00     0 37.08 41.69 41.95  2570     0 2.470
 20 28 28 37.94 41.74 42.07 21856 0.00 0.00 0.00     0 37.08 41.69 41.95  2570     0 2.364
 20 28 28 37.94 41.74 42.07 21856 0.00 0.00 0.00     0 37.08 41.69 41.95  2570     0 2.370
 20 28 28 37.94 41.74 42.07 21856 0.00 0.00 0.00     0 37.08 41.69 41.95  2570     0 2.425
 20 28 28 37.94 41.74 42.07 21856 0.00 0.00 0.00     0 37.08 41.69 41.95  2570     0 2.387
 20 28 28 37.94 41.74 42.07 21856 0.00 0.00 0.00     0 37.08 41.69 41.95  2570     0 2.453
 20 28 28 37.94 41.74 42.07 21856 0.00 0.00 0.00     0 37.08 41.69 41.95  2570     0 2.411
 20 28 28 37.94 41.74 42.07 21856 0.00 0.00 0.00     0 37.08 41.69 41.95  2570     0 2.507
 20 28 28 37.94 41.74 42.07 21856 0.00 0.00 0.00     0 37.08 41.69 41.95  2570     0 2.464
 20 28 28 37.94 41.74 42.07 21856 0.00 0.00 0.00     0 37.08 41.69 41.95  2570     0 2.632
 20 28 28 37.94 41.74 42.07 21856 0.00 0.00 0.00     0 37.08 41.69 41.95  2570     0 2.468
 20 28 28 37.94 41.74 42.07 21856 0.00 0.00 0.00     0 37.08 41.69 41.95  2570     0 2.564
 20 28 28 37.94 41.74 42.07 21856 0.00 0.00 0.00     0 37.08 41.69 41.95  2570     0 2.549
 20 28 28 37.94 41.74 42.07 21856 0.00 0.00 0.00     0 37.08 41.69 41.95  2570     0 2.571
 20 28 28 37.94 41.74 42.07 21856 0.00 0.00 0.00     0 37.08 41.69 41.95  2570     0 2.544
 20 28 28 37.94 41.74 42.07 21856 0.00 0.00 0.00     0 37.08 41.69 41.95  2570     0 2.417
 20 28 28 37.94 41.74 42.07 21856 0.00 0.00 0.00     0 37.08 41.69 41.95  2570     0 2.529
 20 28 28 37.94 41.74 42.07 21856 0.00 0.00 0.00     0 37.08 41.69 41.95  2570     0 6.132
  5 28 28 45.71 50.32 50.78 44768 0.00 0.00 0.00     0 44.60 48.59 48.76 37636     0 10.565
  5 28 28 37.94 41.74 42.07 21856 0.00 0.00 0.00     0 37.48 41.75 42.04  5212     0 1.222
  5 28 28 92.17 54.26 44.63  1160 0.00 0.00 0.00     0 47.64 39.53 37.76 32454     0 1.803
  5 28 28 49.32 53.41 53.38 41328 0.00 0.00 0.00     0 47.88 51.31 50.96 33460     0 10.199
  1 28 28 49.32 53.41 53.38 41328 0.00 0.00 0.00     0 49.32 53.41 53.38 41328     0 4.761
  1 28 28 49.32 53.41 53.38 41328 0.00 0.00 0.00     0 49.32 53.41 53.38 41328     0 4.764
  1 28 28 49.32 53.41 53.38 41328 0.00 0.00 0.00     0 49.32 53.41 53.38 41328     0 4.765
  1 28 28 49.32 53.41 53.38 41328 0.00 0.00 0.00     0 49.32 53.41 53.38 41328     0 4.751
  1 28 28 49.32 53.41 53.38 41328 0.00 0.00 0.00     0 49.32 53.41 53.38 41328     0 4.729
  1 28 28 49.32 53.41 53.38 41328 0.00 0.00 0.00     0 49.32 53.41 53.38 41328     0 4.786
  1 28 28 49.32 53.41 53.38 41328 0.00 0.00 0.00     0 49.32 53.41 53.38 41328     0 4.830
  1 28 28 49.01 52.55 52.28 41944 0.00 0.00 0.00     0 49.01 52.55 52.28 41944     0 0.459
  1 28 28 49.01 52.55 52.28 41944 0.00 0.00 0.00     0 49.01 52.55 52.28 41944     0 0.468
  3 28 28 37.94 41.74 42.07 21856 0.00 0.00 0.00     0 37.67 41.72 42.05  7933     0 1.031
  3 28 28 37.94 41.74 42.07 21856 0.00 0.00 0.00     0 37.67 41.72 42.05  7933     0 1.014
  3 28 28 37.94 41.74 42.07 21856 0.00 0.00 0.00     0 37.67 41.72 42.05  7933     0 1.021
  3 28 28 37.94 41.74 42.07 21856 0.00 0.00 0.00     0 37.67 41.72 42.05  7933     0 1.022
  3 28 28 37.94 41.74 42.07 21856 0.00 0.00 0.00     0 37.67 41.72 42.05  7933     0 1.001
 -1 28 28 0.00 0.00 0.00     0 0.00 0.00 0.00     0 0.00 0.00 0.00     0     0 -0.000
  1 28 28 37.39 41.26 42.85 21960 0.00 0.00 0.00     0 37.39 41.26 42.85 21960     0 0.829
  1 28 28 37.39 41.26 42.85 21960 0.00 0.00 0.00     0 37.39 41.26 42.85 21960     0 0.802
  1 28 28 37.30 41.27 42.97 22256 0.00 0.00 0.00     0 37.30 41.27 42.97 22256     0 0.088
  1 28 28 37.30 41.27 42.97 22256 0.00 0.00 0.00     0 37.30 41.27 42.97 22256     0 0.085
  1 28 28 37.30 41.27 42.97 22256 0.00 0.00 0.00     0 37.30 41.27 42.97 22256     0 0.079
  1 28 28 37.30 41.27 42.97 22256 0.00 0.00 0.00     0 37.30 41.27 42.97 22256     0 0.079
  1 28 28 37.30 41.27 42.97 22256 0.00 0.00 0.00     0 37.30 41.27 42.97 22256     0 0.087
  1 28 28 37.30 41.27 42.97 22256 0.00 0.00 0.00     0 37.30 41.27 42.97 22256     0 0.079
  1 28 28 37.30 41.27 42.97 22256 0.00 0.00 0.00     0 37.30 41.27 42.97 22256     0 0.079
  1 28 28 36.91 41.27 42.97 31304 0.00 0.00 0.00     0 36.91 41.27 42.97 31304     0 0.100
  1 28 28 36.91 41.27 42.97 31304 0.00 0.00 0.00     0 36.91 41.27 42.97 31304     0 0.085
  1 28 28 36.91 41.27 42.97 31304 0.00 0.00 0.00     0 36.91 41.27 42.97 31304     0 0.129
  1 28 28 36.91 41.27 42.97 31304 0.00 0.00 0.00     0 36.91 41.27 42.97 31304     0 0.116
  1 28 28 36.91 41.27 42.97 31304 0.00 0.00 0.00     0 36.91 41.27 42.97 31304     0 0.084
  1 28 28 36.91 41.27 42.97 31304 0.00 0.00 0.00     0 36.91 41.27 42.97 31304     0 0.093
  1 28 28 36.91 41.27 42.97 31304 0.00 0.00 0.00     0 36.91 41.27 42.97 31304     0 0.085
  1 28 28 36.91 41.27 42.97 31304 0.00 0.00 0.00     0 36.91 41.27 42.97 31304     0 0.084
  1 28 28 36.91 41.27 42.97 31304 0.00 0.00 0.00     0 36.91 41.27 42.97 31304     0 0.088
  1 28 28 36.91 41.27 42.97 31304 0.00 0.00 0.00     0 36.91 41.27 42.97 31304     0 11.237
  1 28 28 36.91 41.27 42.97 31304 0.00 0.00 0.00     0 36.91 41.27 42.97 31304     0 0.088
  1 28 28 36.91 41.27 42.97 31304 0.00 0.00 0.00     0 36.91 41.27 42.97 31304     0 0.086
  1 28 28 36.91 41.27 42.97 31304 0.00 0.00 0.00     0 36.91 41.27 42.97 31304     0 0.085
  1 28 28 36.91 41.27 42.97 31304 0.00 0.00 0.00     0 36.91 41.27 42.97 31304     0 0.086
  1 28 28 36.91 41.27 42.97 31304 0.00 0.00 0.00     0 36.91 41.27 42.97 31304     0 0.086
  1 28 28 36.91 41.27 42.97 31304 0.00 0.00 0.00     0 36.91 41.27 42.97 31304     0 0.086
  1 28 28 36.91 41.27 42.97 31304 0.00 0.00 0.00     0 36.91 41.27 42.97 31304     0 0.086
  1 28 28 36.91 41.27 42.97 31304 0.00 0.00 0.00     0 36.91 41.27 42.97 31304     0 0.084
  1 28 28 36.91 41.27 42.97 31304 0.00 0.00 0.00     0 36.91 41.27 42.97 31304     0 0.084
  1 28 28 36.91 41.27 42.97 31304 0.00 0.00 0.00     0 36.91 41.27 42.97 31304     0 0.086
  1 28 28 36.91 41.27 42.97 31304 0.00 0.00 0.00     0 36.91 41.27 42.97 31304     0 0.085
  1 28 28 36.91 41.27 42.97 31304 0.00 0.00 0.00     0 36.91 41.27 42.97 31304     0 0.083
  1 28 28 36.91 41.27 42.97 31304 0.00 0.00 0.00     0 36.91 41.27 42.97 31304     0 0.087
  1 28 28 36.91 41.27 42.97 31304 0.00 0.00 0.00     0 36.91 41.27 42.97 31304     0 0.084
  1 28 28 36.91 41.27 42.97 31304 0.00 0.00 0.00     0 36.91 41.27 42.97 31304     0 0.085
  1 28 28 36.91 41.27 42.97 31304 0.00 0.00 0.00     0 36.91 41.27 42.97 31304     0 0.091
  1 28 28 36.91 41.27 42.97 31304 0.00 0.00 0.00     0 36.91 41.27 42.97 31304     0 0.083
